# Created at 2020-08-12 23:19:33 in PST in Burnaby Canada 
42223390093000 -0.005225 0.999986 0.000840 0.007010 -0.991095 -0.005290 0.133050 0.022362 0.133053 -0.000137 0.991109 0.174591 
42223406754416 -0.005403 0.999985 0.000420 0.006666 -0.991056 -0.005411 0.133338 0.022295 0.133339 0.000304 0.991071 0.175136 
42223423416083 -0.005299 0.999986 0.000395 0.006637 -0.991010 -0.005305 0.133682 0.022239 0.133682 0.000317 0.991024 0.175225 
42223440077666 -0.005320 0.999986 0.000325 0.006710 -0.990957 -0.005316 0.134076 0.022191 0.134076 0.000391 0.990971 0.175185 
42223456738958 -0.005169 0.999987 -0.000114 0.006772 -0.990909 -0.005107 0.134439 0.022157 0.134436 0.000808 0.990922 0.175135 
42223473400875 -0.004785 0.999988 -0.000547 0.006814 -0.990878 -0.004668 0.134678 0.022143 0.134674 0.001186 0.990889 0.175098 
42223490062125 -0.004636 0.999989 -0.001168 0.006435 -0.990834 -0.004436 0.135013 0.022204 0.135006 0.001783 0.990843 0.175178 
42223506723750 -0.004681 0.999988 -0.001063 0.006400 -0.990801 -0.004494 0.135252 0.022216 0.135246 0.001687 0.990811 0.175197 
42223523385291 -0.004799 0.999988 -0.000968 0.006459 -0.990822 -0.004624 0.135093 0.022217 0.135087 0.001607 0.990833 0.175258 
42223540046791 -0.004709 0.999988 -0.001144 0.006500 -0.990907 -0.004512 0.134475 0.022230 0.134468 0.001767 0.990916 0.175368 
42223556708291 -0.004444 0.999989 -0.001638 0.006521 -0.990976 -0.004184 0.133971 0.022258 0.133963 0.002218 0.990984 0.175456 
42223573369958 -0.004198 0.999989 -0.002242 0.006555 -0.990977 -0.003860 0.133974 0.022282 0.133963 0.002784 0.990982 0.175463 
42223590031500 -0.004214 0.999987 -0.002764 0.006164 -0.990925 -0.003805 0.134364 0.022222 0.134352 0.003305 0.990928 0.175366 
42223606693208 -0.004272 0.999987 -0.002593 0.006077 -0.990868 -0.003884 0.134779 0.022196 0.134767 0.003145 0.990872 0.175276 
42223623354500 -0.004328 0.999988 -0.002296 0.006075 -0.990900 -0.003980 0.134544 0.022196 0.134534 0.002857 0.990905 0.175260 
42223640016125 -0.004279 0.999988 -0.002270 0.006088 -0.990967 -0.003936 0.134050 0.022222 0.134039 0.002823 0.990972 0.175290 
42223656677666 -0.004037 0.999989 -0.002418 0.006100 -0.991021 -0.003678 0.133653 0.022270 0.133642 0.002935 0.991025 0.175315 
42223673339333 -0.003779 0.999990 -0.002316 0.006116 -0.991051 -0.003437 0.133438 0.022323 0.133429 0.002800 0.991055 0.175321 
42223690000750 -0.003995 0.999989 -0.002446 0.005831 -0.991084 -0.003634 0.133187 0.022295 0.133177 0.002956 0.991088 0.175257 
42223706662583 -0.004078 0.999990 -0.002101 0.005765 -0.991109 -0.003762 0.132998 0.022286 0.132989 0.002625 0.991114 0.175232 
42223723323958 -0.003731 0.999991 -0.001967 0.005732 -0.991109 -0.003436 0.133010 0.022294 0.133002 0.002446 0.991113 0.175202 
42223739985666 -0.003077 0.999994 -0.001862 0.005696 -0.991075 -0.002802 0.133278 0.022319 0.133272 0.002255 0.991077 0.175153 
42223756646875 -0.002537 0.999995 -0.001629 0.005675 -0.991048 -0.002297 0.133484 0.022350 0.133479 0.001953 0.991050 0.175121 
42223773308583 -0.002404 0.999996 -0.001120 0.005673 -0.991070 -0.002233 0.133327 0.022381 0.133324 0.001431 0.991072 0.175136 
42223789970083 -0.002484 0.999996 -0.000967 0.005456 -0.991152 -0.002334 0.132711 0.022401 0.132708 0.001288 0.991154 0.175113 
42223806631541 -0.002393 0.999997 -0.000909 0.005370 -0.991217 -0.002251 0.132230 0.022431 0.132227 0.001218 0.991219 0.175115 
42223823293125 -0.002269 0.999997 -0.000974 0.005346 -0.991178 -0.002120 0.132524 0.022435 0.132521 0.001266 0.991179 0.175039 
42223839954916 -0.002385 0.999997 -0.000734 0.005372 -0.991069 -0.002266 0.133330 0.022397 0.133328 0.001046 0.991071 0.174901 
42223856616375 -0.002590 0.999997 -0.000140 0.005401 -0.991027 -0.002548 0.133638 0.022342 0.133637 0.000485 0.991030 0.174815 
42223873277958 -0.002654 0.999996 0.000243 0.005416 -0.991084 -0.002663 0.133211 0.022307 0.133211 0.000113 0.991088 0.174825 
42223889939333 -0.002858 0.999996 0.000673 0.005142 -0.991154 -0.002922 0.132684 0.022135 0.132685 -0.000288 0.991158 0.174114 
42223906600666 -0.003059 0.999995 0.001279 0.005125 -0.991149 -0.003201 0.132716 0.022050 0.132719 -0.000862 0.991153 0.173857 
42223923262458 -0.003354 0.999992 0.001981 0.005206 -0.991067 -0.003588 0.133316 0.021972 0.133322 -0.001516 0.991072 0.173707 
42223939924000 -0.003585 0.999990 0.002562 0.005302 -0.990990 -0.003896 0.133878 0.021889 0.133887 -0.002059 0.990995 0.173611 
42223956585666 -0.003375 0.999990 0.002817 0.005360 -0.990959 -0.003722 0.134116 0.021822 0.134125 -0.002339 0.990962 0.173564 
42223973247500 -0.002900 0.999992 0.002748 0.005405 -0.990936 -0.003243 0.134294 0.021772 0.134302 -0.002333 0.990938 0.173529 
42223989908750 -0.002662 0.999993 0.002681 0.005380 -0.990911 -0.002998 0.134488 0.021848 0.134495 -0.002299 0.990912 0.174409 
42224006570458 -0.002895 0.999990 0.003290 0.005490 -0.990884 -0.003312 0.134679 0.021851 0.134689 -0.002870 0.990884 0.174695 
42224023231833 -0.003187 0.999987 0.004045 0.005639 -0.990907 -0.003702 0.134495 0.021851 0.134508 -0.003580 0.990906 0.174830 
42224039893416 -0.003212 0.999985 0.004359 0.005767 -0.990956 -0.003767 0.134136 0.021877 0.134151 -0.003889 0.990953 0.174922 
42224056554791 -0.003015 0.999986 0.004350 0.005882 -0.990986 -0.003570 0.133921 0.021921 0.133934 -0.003907 0.990983 0.174969 
42224073216666 -0.002976 0.999985 0.004538 0.006023 -0.990967 -0.003557 0.134062 0.021957 0.134076 -0.004098 0.990963 0.174965 
42224089878083 -0.003182 0.999983 0.004863 0.005514 -0.990943 -0.003806 0.134227 0.022038 0.134244 -0.004392 0.990939 0.175416 
42224106539583 -0.003259 0.999981 0.005153 0.005420 -0.990975 -0.003920 0.133986 0.022090 0.134003 -0.004670 0.990970 0.175640 
42224123201208 -0.003140 0.999982 0.005198 0.005450 -0.991035 -0.003806 0.133546 0.022148 0.133564 -0.004732 0.991029 0.175803 
42224139862625 -0.002878 0.999983 0.005072 0.005513 -0.991065 -0.003529 0.133332 0.022215 0.133348 -0.004643 0.991059 0.175911 
42224156524208 -0.002837 0.999983 0.005165 0.005609 -0.991054 -0.003501 0.133412 0.022280 0.133428 -0.004740 0.991047 0.175966 
42224173185916 -0.003106 0.999980 0.005532 0.005742 -0.991032 -0.003817 0.133569 0.022333 0.133588 -0.005067 0.991024 0.176003 
42224189847375 -0.003347 0.999978 0.005778 0.005563 -0.991002 -0.004090 0.133786 0.022378 0.133806 -0.005278 0.990993 0.175477 
42224206509000 -0.003268 0.999977 0.005935 0.005579 -0.991004 -0.004033 0.133769 0.022427 0.133790 -0.005445 0.990995 0.175311 
42224223170416 -0.003241 0.999976 0.006103 0.005682 -0.991019 -0.004027 0.133664 0.022476 0.133685 -0.005615 0.991008 0.175274 
42224239832083 -0.003417 0.999974 0.006369 0.005820 -0.991062 -0.004236 0.133334 0.022520 0.133358 -0.005857 0.991051 0.175317 
42224256493500 -0.003658 0.999971 0.006651 0.005954 -0.991131 -0.004509 0.132812 0.022568 0.132838 -0.006106 0.991119 0.175406 
42224273155208 -0.003704 0.999970 0.006723 0.006072 -0.991196 -0.004562 0.132327 0.022633 0.132353 -0.006174 0.991183 0.175494 
42224289816708 -0.003555 0.999970 0.006923 0.005986 -0.991207 -0.004440 0.132245 0.022681 0.132272 -0.006392 0.991193 0.175341 
42224306478333 -0.003673 0.999966 0.007374 0.006044 -0.991189 -0.004617 0.132374 0.022696 0.132404 -0.006823 0.991172 0.175296 
42224323139833 -0.004011 0.999959 0.008091 0.006148 -0.991208 -0.005046 0.132216 0.022692 0.132252 -0.007489 0.991188 0.175328 
42224339801375 -0.004133 0.999953 0.008748 0.006225 -0.991269 -0.005249 0.131749 0.022714 0.131788 -0.008127 0.991245 0.175397 
42224356462833 -0.003843 0.999955 0.008729 0.006258 -0.991318 -0.004957 0.131394 0.022773 0.131432 -0.008148 0.991292 0.175451 
42224373124666 -0.003510 0.999959 0.008390 0.006298 -0.991303 -0.004584 0.131520 0.022843 0.131553 -0.007855 0.991278 0.175450 
42224389785916 -0.003533 0.999959 0.008403 0.006221 -0.991299 -0.004608 0.131550 0.022664 0.131583 -0.007866 0.991274 0.175453 
42224406447541 -0.003438 0.999953 0.009031 0.006258 -0.991329 -0.004595 0.131324 0.022658 0.131359 -0.008501 0.991298 0.175481 
42224423109125 -0.003254 0.999949 0.009545 0.006348 -0.991419 -0.004473 0.130644 0.022720 0.130680 -0.009038 0.991383 0.175561 
42224439770791 -0.003204 0.999947 0.009803 0.006495 -0.991486 -0.004453 0.130134 0.022798 0.130170 -0.009302 0.991448 0.175633 
42224456432041 -0.003257 0.999945 0.009955 0.006676 -0.991496 -0.004525 0.130058 0.022883 0.130096 -0.009446 0.991457 0.175667 
42224473093958 -0.003173 0.999946 0.009871 0.006867 -0.991494 -0.004430 0.130077 0.022984 0.130114 -0.009374 0.991455 0.175702 
42224489755291 -0.002833 0.999955 0.009082 0.006426 -0.991534 -0.003988 0.129787 0.022976 0.129817 -0.008637 0.991500 0.175908 
42224506416791 -0.002763 0.999957 0.008914 0.006507 -0.991559 -0.003895 0.129597 0.023064 0.129626 -0.008481 0.991527 0.176029 
42224523078416 -0.002883 0.999955 0.009006 0.006827 -0.991589 -0.004024 0.129362 0.023201 0.129393 -0.008557 0.991557 0.176154 
42224539740041 -0.003069 0.999955 0.009033 0.007279 -0.991652 -0.004208 0.128874 0.023368 0.128906 -0.008562 0.991620 0.176340 
42224556401625 -0.003231 0.999957 0.008690 0.007836 -0.991756 -0.004317 0.128067 0.023556 0.128099 -0.008204 0.991727 0.176592 
42224573063333 -0.003198 0.999964 0.007926 0.008486 -0.991869 -0.004180 0.127195 0.023759 0.127223 -0.007454 0.991846 0.176868 
42224589724708 -0.003088 0.999972 0.006826 0.009294 -0.991935 -0.003927 0.126685 0.024055 0.126708 -0.006380 0.991920 0.177353 
42224606386375 -0.003158 0.999978 0.005897 0.010188 -0.991934 -0.003880 0.126693 0.024257 0.126713 -0.005450 0.991925 0.177640 
42224623047791 -0.003120 0.999983 0.004947 0.011168 -0.991955 -0.003721 0.126535 0.024438 0.126551 -0.004513 0.991950 0.177905 
42224639709458 -0.002875 0.999988 0.003875 0.012239 -0.992013 -0.003341 0.126094 0.024618 0.126106 -0.003482 0.992011 0.178200 
42224656371000 -0.002699 0.999993 0.002567 0.013447 -0.992060 -0.003000 0.125731 0.024770 0.125737 -0.002208 0.992061 0.178505 
42224673032416 -0.002846 0.999995 0.001185 0.014809 -0.992078 -0.002972 0.125588 0.024889 0.125591 -0.000818 0.992082 0.178793 
42224689694041 -0.003304 0.999994 -0.001084 0.015707 -0.992042 -0.003142 0.125865 0.025092 0.125861 0.001491 0.992047 0.179257 
42224706355500 -0.003520 0.999989 -0.003044 0.017077 -0.992014 -0.003108 0.126091 0.025247 0.126080 0.003464 0.992014 0.179583 
42224723017041 -0.003472 0.999981 -0.005134 0.018664 -0.992008 -0.002796 0.126142 0.025399 0.126125 0.005531 0.991999 0.179887 
42224739678666 -0.003380 0.999967 -0.007353 0.020429 -0.991986 -0.002424 0.126322 0.025544 0.126300 0.007721 0.991962 0.180177 
42224756340125 -0.003410 0.999947 -0.009705 0.022364 -0.991956 -0.002154 0.126563 0.025683 0.126535 0.010059 0.991911 0.180460 
42224773002125 -0.003504 0.999923 -0.011898 0.024434 -0.991945 -0.001969 0.126653 0.025832 0.126620 0.012246 0.991876 0.180729 
42224789663500 -0.003623 0.999892 -0.014286 0.025914 -0.991936 -0.001784 0.126727 0.026061 0.126688 0.014630 0.991835 0.181214 
42224806324916 -0.003628 0.999864 -0.016082 0.027936 -0.991901 -0.001557 0.127007 0.026283 0.126965 0.016413 0.991771 0.181478 
42224822986333 -0.003695 0.999831 -0.018005 0.030221 -0.991831 -0.001368 0.127553 0.026505 0.127507 0.018329 0.991668 0.181671 
42224839647958 -0.004127 0.999795 -0.019810 0.032708 -0.991769 -0.001557 0.128029 0.026718 0.127972 0.020175 0.991573 0.181867 
42224856309500 -0.004795 0.999762 -0.021308 0.035344 -0.991727 -0.002021 0.128350 0.026922 0.128277 0.021747 0.991500 0.182089 
42224872971208 -0.005715 0.999720 -0.022974 0.038097 -0.991718 -0.002719 0.128404 0.027103 0.128305 0.023517 0.991456 0.182360 
42224889632916 -0.006622 0.999668 -0.024886 0.040306 -0.991734 -0.003377 0.128264 0.027298 0.128138 0.025529 0.991428 0.182498 
42224906294375 -0.007264 0.999623 -0.026467 0.042911 -0.991783 -0.003821 0.127872 0.027445 0.127722 0.027179 0.991438 0.182762 
42224922955791 -0.007322 0.999580 -0.028026 0.045637 -0.991849 -0.003695 0.127366 0.027577 0.127209 0.028730 0.991460 0.183054 
42224939617458 -0.006907 0.999536 -0.029660 0.048428 -0.991880 -0.003081 0.127141 0.027684 0.126991 0.030297 0.991441 0.183324 
42224956278791 -0.006328 0.999497 -0.031071 0.051280 -0.991870 -0.002325 0.127232 0.027749 0.127096 0.031623 0.991386 0.183563 
42224972940541 -0.005654 0.999466 -0.032185 0.054169 -0.991835 -0.001504 0.127519 0.027765 0.127403 0.032644 0.991314 0.183779 
42224989601833 -0.004812 0.999425 -0.033565 0.056566 -0.991795 -0.000482 0.127837 0.027801 0.127748 0.033905 0.991227 0.184174 
42225006263708 -0.004032 0.999383 -0.034888 0.059331 -0.991750 0.000474 0.128187 0.027792 0.128124 0.035117 0.991136 0.184452 
42225022925166 -0.003434 0.999342 -0.036106 0.062257 -0.991709 0.001234 0.128495 0.027757 0.128455 0.036248 0.991053 0.184701 
42225039586750 -0.002939 0.999306 -0.037135 0.065243 -0.991725 0.001854 0.128371 0.027701 0.128350 0.037205 0.991031 0.184981 
42225056248166 -0.002420 0.999269 -0.038144 0.068243 -0.991758 0.002488 0.128100 0.027618 0.128101 0.038140 0.991028 0.185281 
42225072909541 -0.001765 0.999222 -0.039400 0.071251 -0.991744 0.003303 0.128189 0.027516 0.128219 0.039301 0.990967 0.185560 
42225089571208 -0.001000 0.999150 -0.041221 0.073589 -0.991717 0.004303 0.128369 0.027520 0.128438 0.041008 0.990869 0.186493 
42225106232833 -0.000507 0.999078 -0.042940 0.076399 -0.991717 0.005012 0.128341 0.027432 0.128438 0.042649 0.990800 0.187021 
42225122894583 -0.000879 0.998991 -0.044908 0.079422 -0.991755 0.004883 0.128054 0.027280 0.128144 0.044650 0.990750 0.187448 
42225139556250 -0.001817 0.998898 -0.046906 0.082505 -0.991831 0.004182 0.127488 0.027104 0.127544 0.046754 0.990730 0.187847 
42225156217666 -0.002434 0.998786 -0.049192 0.085541 -0.991898 0.003836 0.126975 0.026943 0.127009 0.049103 0.990685 0.188207 
42225172879291 -0.002851 0.998674 -0.051406 0.088570 -0.991886 0.003710 0.127073 0.026768 0.127095 0.051351 0.990560 0.188481 
42225189540500 -0.003659 0.998564 -0.053456 0.091232 -0.991838 0.003189 0.127462 0.026481 0.127450 0.053486 0.990402 0.189156 
42225206202166 -0.004390 0.998485 -0.054857 0.094151 -0.991838 0.002643 0.127475 0.026191 0.127426 0.054969 0.990324 0.189585 
42225222863833 -0.004273 0.998386 -0.056624 0.097045 -0.991890 0.002962 0.127065 0.025929 0.127028 0.056708 0.990277 0.189995 
42225239525416 -0.003450 0.998253 -0.058984 0.099868 -0.991926 0.004062 0.126756 0.025670 0.126774 0.058945 0.990179 0.190390 
42225256186833 -0.002504 0.998131 -0.061065 0.102651 -0.991895 0.005278 0.126950 0.025379 0.127035 0.060888 0.990028 0.190734 
42225272848708 -0.001788 0.998046 -0.062457 0.105405 -0.991834 0.006195 0.127388 0.025051 0.127526 0.062175 0.989885 0.191069 
42225289509916 -0.000911 0.997969 -0.063693 0.107686 -0.991831 0.007223 0.127353 0.024705 0.127554 0.063289 0.989811 0.191638 
42225306171583 0.000172 0.997889 -0.064937 0.110165 -0.991897 0.008420 0.126765 0.024379 0.127044 0.064389 0.989805 0.192159 
42225322833000 0.001361 0.997805 -0.066202 0.112692 -0.991907 0.009752 0.126589 0.024031 0.126957 0.065494 0.989744 0.192614 
42225339494750 0.002554 0.997722 -0.067408 0.115212 -0.991837 0.011121 0.127029 0.023644 0.127489 0.066533 0.989606 0.193018 
42225356156291 0.003597 0.997639 -0.068590 0.117705 -0.991755 0.012346 0.127553 0.023244 0.128098 0.067566 0.989457 0.193436 
42225372818000 0.004107 0.997522 -0.070237 0.120221 -0.991705 0.013086 0.127866 0.022858 0.128468 0.069129 0.989301 0.193912 
42225389479458 0.003913 0.997360 -0.072506 0.122418 -0.991675 0.013203 0.128091 0.022480 0.128710 0.071402 0.989108 0.194523 
42225406140833 0.003285 0.997220 -0.074438 0.124867 -0.991656 0.012841 0.128272 0.022117 0.128871 0.073396 0.988942 0.195080 
42225422802416 0.002652 0.997098 -0.076079 0.127365 -0.991627 0.012445 0.128534 0.021758 0.129108 0.075102 0.988783 0.195633 
42225439464125 0.002129 0.996974 -0.077707 0.129861 -0.991617 0.012144 0.128642 0.021417 0.129196 0.076782 0.988642 0.196219 
42225456125458 0.001700 0.996837 -0.079454 0.132338 -0.991648 0.011927 0.128420 0.021111 0.128961 0.078572 0.988532 0.196857 
42225472787125 0.001271 0.996693 -0.081254 0.134790 -0.991721 0.011690 0.127881 0.020838 0.128408 0.080418 0.988456 0.197541 
42225489448791 0.000586 0.996541 -0.083098 0.136975 -0.991821 0.011185 0.127149 0.020494 0.127638 0.082344 0.988397 0.198605 
42225506110166 -0.000178 0.996398 -0.084803 0.139267 -0.991913 0.010588 0.126479 0.020256 0.126921 0.084140 0.988338 0.199412 
42225522771666 -0.000904 0.996293 -0.086019 0.141547 -0.991985 0.009975 0.125962 0.020102 0.126353 0.085443 0.988299 0.200100 
42225539433375 -0.001465 0.996231 -0.086729 0.143771 -0.992056 0.009462 0.125441 0.020015 0.125789 0.086223 0.988303 0.200751 
42225556094750 -0.001931 0.996160 -0.087535 0.145949 -0.992162 0.009028 0.124631 0.019981 0.124943 0.087089 0.988334 0.201425 
42225572756541 -0.002041 0.996046 -0.088817 0.148079 -0.992297 0.008984 0.123557 0.020010 0.123866 0.088385 0.988355 0.202115 
42225589417916 -0.001688 0.995855 -0.090942 0.149814 -0.992435 0.009496 0.122404 0.020043 0.122760 0.090460 0.988305 0.203034 
42225606079625 -0.001465 0.995628 -0.093392 0.151784 -0.992576 0.009910 0.121218 0.020141 0.121614 0.092876 0.988223 0.203798 
42225622741166 -0.001752 0.995444 -0.095335 0.153867 -0.992726 0.009746 0.120004 0.020231 0.120386 0.094852 0.988185 0.204496 
42225639402791 -0.002227 0.995392 -0.095860 0.155959 -0.992868 0.009225 0.118861 0.020290 0.119198 0.095441 0.988273 0.205136 
42225656064125 -0.002708 0.995401 -0.095763 0.158020 -0.992997 0.008634 0.117825 0.020310 0.118110 0.095411 0.988406 0.205744 
42225672725666 -0.003240 0.995391 -0.095848 0.160063 -0.993099 0.008033 0.117000 0.020278 0.117231 0.095565 0.988496 0.206322 
42225689387250 -0.003641 0.995309 -0.096679 0.161619 -0.993151 0.007692 0.116586 0.020152 0.116783 0.096441 0.988464 0.206921 
42225706048958 -0.003570 0.995238 -0.097411 0.163327 -0.993185 0.007819 0.116283 0.020059 0.116491 0.097162 0.988428 0.207449 
42225722710500 -0.003219 0.995173 -0.098087 0.165004 -0.993266 0.008178 0.115564 0.019994 0.115809 0.097798 0.988445 0.207985 
42225739372041 -0.002988 0.995129 -0.098531 0.166656 -0.993368 0.008372 0.114674 0.019946 0.114941 0.098220 0.988505 0.208516 
42225756033541 -0.002995 0.995092 -0.098910 0.168299 -0.993470 0.008321 0.113792 0.019912 0.114057 0.098605 0.988569 0.209025 
42225772695250 -0.003257 0.995057 -0.099249 0.169941 -0.993573 0.008010 0.112911 0.019881 0.113148 0.098979 0.988636 0.209515 
42225789356500 -0.003685 0.995006 -0.099751 0.171277 -0.993702 0.007528 0.111806 0.019731 0.111999 0.099534 0.988711 0.210141 
42225806018166 -0.004334 0.994976 -0.100024 0.172777 -0.993787 0.006839 0.111089 0.019632 0.111215 0.099884 0.988764 0.210585 
42225822679625 -0.005031 0.994931 -0.100435 0.174309 -0.993819 0.006163 0.110840 0.019529 0.110897 0.100372 0.988750 0.210905 
42225839341416 -0.005660 0.994873 -0.100976 0.175819 -0.993800 0.005617 0.111042 0.019411 0.111040 0.100978 0.988673 0.211139 
42225856002833 -0.006335 0.994847 -0.101188 0.177294 -0.993748 0.005016 0.111534 0.019288 0.111466 0.101262 0.988596 0.211324 
42225872664583 -0.007134 0.994849 -0.101113 0.178728 -0.993695 0.004261 0.112037 0.019181 0.111891 0.101275 0.988546 0.211502 
42225889325958 -0.008493 0.994835 -0.101152 0.179815 -0.993674 0.002932 0.112264 0.019116 0.111981 0.101466 0.988517 0.212072 
42225905987625 -0.010397 0.994856 -0.100762 0.181074 -0.993686 0.000978 0.112192 0.019051 0.111714 0.101293 0.988565 0.212414 
42225922648791 -0.012466 0.994872 -0.100369 0.182285 -0.993723 -0.001166 0.111859 0.019012 0.111169 0.101134 0.988642 0.212674 
42225939310750 -0.014298 0.994852 -0.100326 0.183352 -0.993759 -0.003038 0.111503 0.019026 0.110624 0.101294 0.988687 0.212859 
42225955972208 -0.015789 0.994826 -0.100362 0.184264 -0.993737 -0.004507 0.111658 0.019115 0.110627 0.101497 0.988666 0.212920 
42225972633875 -0.017191 0.994803 -0.100356 0.185040 -0.993673 -0.005857 0.112159 0.019303 0.110988 0.101649 0.988610 0.212904 
42225989295250 -0.018680 0.994789 -0.100225 0.185064 -0.993676 -0.007370 0.112042 0.019746 0.110719 0.101684 0.988636 0.213805 
42226005956708 -0.020074 0.994825 -0.099599 0.185303 -0.993783 -0.008942 0.110979 0.020262 0.109514 0.101208 0.988819 0.214277 
42226022618250 -0.021056 0.994879 -0.098853 0.185488 -0.993957 -0.010177 0.109297 0.020916 0.107731 0.100557 0.989082 0.214644 
42226039280041 -0.021574 0.994929 -0.098244 0.185566 -0.994127 -0.010926 0.107663 0.021721 0.106043 0.099990 0.989321 0.214949 
42226055941250 -0.021962 0.994946 -0.097985 0.185566 -0.994311 -0.011519 0.105895 0.022672 0.104231 0.099753 0.989538 0.215240 
42226072603291 -0.022492 0.994994 -0.097369 0.185505 -0.994520 -0.012322 0.103822 0.023778 0.102102 0.099170 0.989818 0.215521 
42226089264708 -0.023305 0.995049 -0.096611 0.185113 -0.994717 -0.013415 0.101777 0.025154 0.099977 0.098472 0.990105 0.215313 
42226105926208 -0.024015 0.995127 -0.095634 0.184869 -0.994850 -0.014366 0.100333 0.026668 0.098470 0.097551 0.990347 0.215287 
42226122587583 -0.024597 0.995189 -0.094835 0.184645 -0.994947 -0.015133 0.099253 0.028360 0.097340 0.096797 0.990533 0.215314 
42226139249250 -0.025194 0.995214 -0.094414 0.184409 -0.995087 -0.015921 0.097713 0.030207 0.095743 0.096412 0.990726 0.215439 
42226155910750 -0.025832 0.995248 -0.093888 0.184163 -0.995276 -0.016812 0.095623 0.032199 0.093590 0.095915 0.990980 0.215620 
42226172572250 -0.026380 0.995318 -0.092985 0.183922 -0.995449 -0.017635 0.093649 0.034349 0.091571 0.095032 0.991254 0.215760 
42226189233958 -0.026817 0.995389 -0.092096 0.183438 -0.995527 -0.018244 0.092699 0.036638 0.090592 0.094170 0.991426 0.215597 
42226205895333 -0.026893 0.995513 -0.090722 0.183133 -0.995545 -0.018468 0.092458 0.039037 0.090368 0.092804 0.991575 0.215501 
42226222556958 -0.026752 0.995640 -0.089362 0.182875 -0.995583 -0.018488 0.092051 0.041538 0.089997 0.091429 0.991736 0.215494 
42226239218708 -0.026259 0.995737 -0.088419 0.182602 -0.995686 -0.018177 0.090992 0.044162 0.088997 0.090426 0.991919 0.215598 
42226255879916 -0.025406 0.995830 -0.087617 0.182320 -0.995816 -0.017514 0.089689 0.046925 0.087781 0.089529 0.992109 0.215750 
42226272541666 -0.024801 0.995915 -0.086818 0.182098 -0.995953 -0.017110 0.088236 0.049772 0.086390 0.088655 0.992309 0.215942 
42226289203166 -0.025161 0.995966 -0.086130 0.181912 -0.996104 -0.017694 0.086390 0.052657 0.084518 0.087968 0.992531 0.216543 
42226305864750 -0.026200 0.996052 -0.084816 0.181810 -0.996280 -0.019050 0.084038 0.055530 0.082090 0.086703 0.992846 0.216935 
42226322526333 -0.027124 0.996123 -0.083685 0.181675 -0.996427 -0.020243 0.081999 0.058465 0.079988 0.085610 0.993113 0.217202 
42226339188000 -0.027828 0.996139 -0.083268 0.181504 -0.996531 -0.021110 0.080498 0.061454 0.078430 0.085220 0.993271 0.217366 
42226355849291 -0.028233 0.996129 -0.083251 0.181301 -0.996585 -0.021585 0.079701 0.064471 0.077595 0.085217 0.993336 0.217433 
42226372510833 -0.028069 0.996111 -0.083516 0.181062 -0.996603 -0.021415 0.079527 0.067524 0.077430 0.085465 0.993328 0.217424 
42226389172375 -0.027547 0.996041 -0.084524 0.180554 -0.996641 -0.020842 0.079200 0.070539 0.077125 0.086421 0.993269 0.218255 
42226405834041 -0.027105 0.995970 -0.085493 0.180266 -0.996682 -0.020359 0.078809 0.073588 0.076750 0.087346 0.993217 0.218562 
42226422495625 -0.026900 0.995864 -0.086782 0.180077 -0.996734 -0.020108 0.078209 0.076655 0.076141 0.088602 0.993153 0.218742 
42226439157166 -0.026753 0.995726 -0.088402 0.179922 -0.996844 -0.019961 0.076841 0.079753 0.074748 0.090179 0.993117 0.218965 
42226455818541 -0.026716 0.995599 -0.089824 0.179825 -0.997050 -0.020071 0.074083 0.082894 0.071954 0.091538 0.993199 0.219313 
42226472480250 -0.026485 0.995529 -0.090673 0.179758 -0.997295 -0.020092 0.070709 0.086095 0.068571 0.092300 0.993367 0.219726 
42226489141791 -0.026223 0.995496 -0.091102 0.179235 -0.997515 -0.020097 0.067527 0.089274 0.065392 0.092647 0.993550 0.220960 
42226505803166 -0.026082 0.995522 -0.090862 0.179058 -0.997683 -0.020209 0.064967 0.092483 0.062840 0.092346 0.993742 0.221589 
42226522464750 -0.026015 0.995562 -0.090440 0.179029 -0.997830 -0.020387 0.062607 0.095712 0.060485 0.091873 0.993932 0.222032 
42226539126333 -0.025996 0.995650 -0.089472 0.179098 -0.997968 -0.020639 0.060278 0.098954 0.058169 0.090857 0.994164 0.222425 
42226555787916 -0.026247 0.995774 -0.088006 0.179254 -0.998090 -0.021178 0.058041 0.102182 0.055931 0.089361 0.994428 0.222790 
42226572449583 -0.026789 0.995877 -0.086673 0.179466 -0.998178 -0.021960 0.056200 0.105384 0.054065 0.088021 0.994650 0.223126 
42226589111041 -0.026829 0.995900 -0.086395 0.179234 -0.998276 -0.022179 0.054339 0.108452 0.052200 0.087704 0.994778 0.224051 
42226605772583 -0.026091 0.995913 -0.086465 0.179195 -0.998404 -0.021628 0.052162 0.111617 0.050079 0.087688 0.994888 0.224662 
42226622434000 -0.024750 0.995968 -0.086231 0.179230 -0.998558 -0.020520 0.049609 0.114811 0.047639 0.087334 0.995039 0.225200 
42226639095791 -0.023614 0.996101 -0.085006 0.179357 -0.998712 -0.019686 0.046762 0.117961 0.044907 0.086001 0.995283 0.225719 
42226655757125 -0.023004 0.996258 -0.083311 0.179543 -0.998859 -0.019416 0.043629 0.121052 0.041848 0.084220 0.995568 0.226234 
42226672419083 -0.022011 0.996421 -0.081616 0.179642 -0.999015 -0.018775 0.040206 0.124142 0.038530 0.082421 0.995853 0.226733 
42226689080500 -0.019748 0.996584 -0.080185 0.179299 -0.999173 -0.016822 0.037005 0.127401 0.035530 0.080850 0.996093 0.227839 
42226705741958 -0.016782 0.996728 -0.079074 0.179016 -0.999311 -0.014102 0.034328 0.130594 0.033100 0.079596 0.996278 0.228460 
42226722403500 -0.013810 0.996837 -0.078260 0.178807 -0.999429 -0.011347 0.031826 0.133731 0.030837 0.078655 0.996425 0.228952 
42226739064958 -0.011285 0.996940 -0.077358 0.178697 -0.999548 -0.009091 0.028648 0.136812 0.027857 0.077647 0.996592 0.229474 
42226755726375 -0.009127 0.997121 -0.075278 0.178643 -0.999659 -0.007256 0.025091 0.139852 0.024472 0.075481 0.996847 0.229988 
42226772388166 -0.007194 0.997327 -0.072714 0.178606 -0.999744 -0.005612 0.021934 0.142861 0.021467 0.072853 0.997112 0.230449 
42226789049625 -0.005241 0.997469 -0.070907 0.178372 -0.999816 -0.003919 0.018769 0.145658 0.018443 0.070992 0.997306 0.231338 
42226805711208 -0.003051 0.997547 -0.069932 0.178196 -0.999874 -0.001955 0.015727 0.148496 0.015552 0.069972 0.997428 0.231919 
42226822372750 -0.001046 0.997583 -0.069481 0.178083 -0.999912 -0.000126 0.013246 0.151300 0.013205 0.069488 0.997495 0.232360 
42226839034250 0.000484 0.997644 -0.068602 0.178049 -0.999941 0.001227 0.010779 0.154026 0.010838 0.068593 0.997586 0.232782 
42226855695625 0.001862 0.997764 -0.066805 0.178015 -0.999964 0.002411 0.008134 0.156661 0.008277 0.066787 0.997733 0.233233 
42226872357375 0.003074 0.997875 -0.065084 0.177963 -0.999981 0.003413 0.005096 0.159209 0.005307 0.065067 0.997867 0.233751 
42226889018750 0.004312 0.997914 -0.064412 0.177707 -0.999989 0.004412 0.001412 0.161374 0.001693 0.064405 0.997922 0.234247 
42226905680583 0.005368 0.997922 -0.064203 0.177624 -0.999985 0.005290 -0.001384 0.163667 -0.001042 0.064210 0.997936 0.234748 
42226922341916 0.006051 0.997904 -0.064428 0.177640 -0.999977 0.005835 -0.003536 0.165915 -0.003153 0.064448 0.997916 0.235220 
42226939003666 0.006670 0.997874 -0.064829 0.177668 -0.999962 0.006294 -0.006004 0.168094 -0.005583 0.064867 0.997878 0.235708 
42226955665000 0.007535 0.997847 -0.065149 0.177691 -0.999940 0.006999 -0.008459 0.170247 -0.007985 0.065209 0.997840 0.236154 
42226972326750 0.008002 0.997869 -0.064756 0.177815 -0.999924 0.007379 -0.009861 0.172365 -0.009362 0.064830 0.997853 0.236442 
42226988988166 0.007603 0.997967 -0.063274 0.177843 -0.999925 0.006981 -0.010037 0.174113 -0.009575 0.063346 0.997946 0.237118 
42227005649750 0.006582 0.998072 -0.061713 0.178084 -0.999931 0.005968 -0.010120 0.175965 -0.009732 0.061775 0.998043 0.237389 
42227022311416 0.005840 0.998080 -0.061664 0.178365 -0.999917 0.005121 -0.011807 0.177906 -0.011469 0.061728 0.998027 0.237717 
42227038972958 0.005120 0.998012 -0.062819 0.178731 -0.999885 0.004212 -0.014584 0.179909 -0.014290 0.062887 0.997918 0.238152 
42227055634333 0.003895 0.997971 -0.063556 0.179234 -0.999848 0.002808 -0.017194 0.181884 -0.016981 0.063613 0.997830 0.238575 
42227072296125 0.001847 0.998049 -0.062407 0.179829 -0.999817 0.000656 -0.019099 0.183746 -0.019021 0.062431 0.997868 0.238909 
42227088957250 -0.000427 0.998183 -0.060256 0.179924 -0.999773 -0.001708 -0.021218 0.185496 -0.021283 0.060233 0.997958 0.239464 
42227105618958 -0.002462 0.998271 -0.058737 0.180225 -0.999715 -0.003853 -0.023571 0.187118 -0.023756 0.058662 0.997995 0.239915 
42227122280416 -0.003874 0.998314 -0.057912 0.180517 -0.999665 -0.005349 -0.025324 0.188589 -0.025591 0.057794 0.998001 0.240254 
42227138942083 -0.004667 0.998365 -0.056977 0.180726 -0.999647 -0.006149 -0.025849 0.189881 -0.026157 0.056837 0.998041 0.240404 
42227155603583 -0.005031 0.998439 -0.055622 0.180836 -0.999660 -0.006445 -0.025280 0.190995 -0.025599 0.055476 0.998132 0.240386 
42227172265166 -0.005128 0.998491 -0.054678 0.180857 -0.999670 -0.006496 -0.024858 0.191921 -0.025175 0.054533 0.998195 0.240345 
42227188926583 -0.004952 0.998488 -0.054756 0.180297 -0.999663 -0.006339 -0.025192 0.192512 -0.025501 0.054613 0.998182 0.240500 
42227205588250 -0.005028 0.998458 -0.055291 0.180088 -0.999652 -0.006451 -0.025590 0.193110 -0.025907 0.055143 0.998142 0.240537 
42227222249750 -0.005328 0.998424 -0.055875 0.180005 -0.999655 -0.006756 -0.025389 0.193635 -0.025727 0.055720 0.998115 0.240484 
42227238911416 -0.005515 0.998399 -0.056286 0.179910 -0.999660 -0.006938 -0.025123 0.194052 -0.025474 0.056129 0.998099 0.240427 
42227255573000 -0.005228 0.998399 -0.056330 0.179738 -0.999652 -0.006675 -0.025533 0.194382 -0.025868 0.056176 0.998086 0.240429 
42227272234625 -0.004634 0.998403 -0.056298 0.179525 -0.999641 -0.006110 -0.026074 0.194663 -0.026376 0.056157 0.998074 0.240446 
42227288896000 -0.004166 0.998384 -0.056673 0.178974 -0.999639 -0.005662 -0.026252 0.194700 -0.026530 0.056544 0.998048 0.240413 
42227305557458 -0.004167 0.998364 -0.057029 0.178709 -0.999641 -0.005668 -0.026187 0.194812 -0.026467 0.056899 0.998029 0.240422 
42227322219000 -0.004451 0.998365 -0.056992 0.178508 -0.999642 -0.005945 -0.026078 0.194913 -0.026374 0.056856 0.998034 0.240457 
42227338880666 -0.004715 0.998378 -0.056733 0.178253 -0.999640 -0.006204 -0.026095 0.195012 -0.026404 0.056590 0.998048 0.240520 
42227355542041 -0.004776 0.998393 -0.056475 0.177904 -0.999631 -0.006277 -0.026421 0.195125 -0.026733 0.056328 0.998054 0.240612 
42227372204000 -0.004899 0.998421 -0.055952 0.177498 -0.999623 -0.006401 -0.026701 0.195226 -0.027017 0.055800 0.998076 0.240683 
42227388865208 -0.005638 0.998451 -0.055357 0.176709 -0.999633 -0.007094 -0.026144 0.195627 -0.026496 0.055190 0.998124 0.240210 
42227405526833 -0.006645 0.998495 -0.054438 0.176076 -0.999646 -0.008035 -0.025348 0.195778 -0.025748 0.054251 0.998195 0.239940 
42227422188250 -0.007132 0.998529 -0.053750 0.175313 -0.999665 -0.008457 -0.024452 0.195877 -0.024871 0.053557 0.998255 0.239754 
42227438849916 -0.006862 0.998548 -0.053424 0.174359 -0.999685 -0.008139 -0.023726 0.196004 -0.024126 0.053244 0.998290 0.239638 
42227455511458 -0.006453 0.998575 -0.052982 0.173284 -0.999700 -0.007695 -0.023273 0.196145 -0.023648 0.052816 0.998324 0.239579 
42227472172916 -0.006441 0.998644 -0.051664 0.172097 -0.999708 -0.007632 -0.022906 0.196269 -0.023269 0.051501 0.998402 0.239525 
42227488834541 -0.006442 0.998737 -0.049839 0.170468 -0.999717 -0.007573 -0.022535 0.196183 -0.022884 0.049680 0.998503 0.238752 
42227505496125 -0.006032 0.998847 -0.047627 0.168715 -0.999717 -0.007119 -0.022699 0.196247 -0.023012 0.047477 0.998607 0.238505 
42227522157625 -0.005395 0.998958 -0.045328 0.166822 -0.999717 -0.006440 -0.022921 0.196376 -0.023189 0.045191 0.998709 0.238429 
42227538819333 -0.005050 0.999089 -0.042385 0.164846 -0.999719 -0.006026 -0.022935 0.196517 -0.023169 0.042258 0.998838 0.238378 
42227555480791 -0.004958 0.999237 -0.038740 0.162739 -0.999720 -0.005848 -0.022912 0.196633 -0.023121 0.038615 0.998987 0.238340 
42227572142375 -0.004701 0.999381 -0.034861 0.160410 -0.999724 -0.005499 -0.022834 0.196741 -0.023012 0.034744 0.999131 0.238318 
42227588803750 -0.004107 0.999489 -0.031712 0.157673 -0.999734 -0.004824 -0.022565 0.196740 -0.022707 0.031611 0.999242 0.238167 
42227605462208 -0.002932 0.999583 -0.028710 0.154850 -0.999758 -0.003556 -0.021705 0.196841 -0.021798 0.028640 0.999352 0.238078 
42227622126791 -0.001595 0.999683 -0.025132 0.151925 -0.999789 -0.002109 -0.020421 0.196980 -0.020467 0.025094 0.999476 0.237999 
42227638788541 -0.000570 0.999785 -0.020727 0.148914 -0.999806 -0.000979 -0.019697 0.197129 -0.019713 0.020711 0.999591 0.238015 
42227655449791 0.000109 0.999872 -0.015983 0.145809 -0.999798 -0.000212 -0.020079 0.197311 -0.020080 0.015982 0.999671 0.238182 
42227672111541 0.000641 0.999935 -0.011383 0.142626 -0.999773 0.000398 -0.021315 0.197559 -0.021309 0.011394 0.999708 0.238463 
42227688772916 0.000887 0.999975 -0.007036 0.139146 -0.999747 0.000728 -0.022497 0.197809 -0.022491 0.007054 0.999722 0.238506 
42227705434458 0.001061 0.999998 -0.001887 0.135790 -0.999725 0.001017 -0.023440 0.198103 -0.023438 0.001911 0.999724 0.238666 
42227722096125 0.001623 0.999991 0.003884 0.132376 -0.999715 0.001715 -0.023793 0.198454 -0.023800 -0.003844 0.999709 0.238847 
42227738757708 0.002579 0.999952 0.009439 0.128885 -0.999713 0.002803 -0.023779 0.198861 -0.023804 -0.009375 0.999673 0.239077 
42227755419083 0.003692 0.999889 0.014447 0.125363 -0.999704 0.004037 -0.023990 0.199309 -0.024046 -0.014354 0.999608 0.239409 
42227772080791 0.004802 0.999803 0.019249 0.121830 -0.999684 0.005274 -0.024578 0.199782 -0.024674 -0.019125 0.999512 0.239835 
42227788742291 0.005742 0.999700 0.023825 0.118197 -0.999657 0.006347 -0.025419 0.200291 -0.025563 -0.023671 0.999393 0.240872 
42227805403750 0.006830 0.999561 0.028843 0.114519 -0.999608 0.007609 -0.026960 0.200735 -0.027168 -0.028647 0.999220 0.241647 
42227822065375 0.008009 0.999397 0.033792 0.110789 -0.999545 0.008984 -0.028804 0.201153 -0.029090 -0.033546 0.999014 0.242367 
42227838727041 0.009383 0.999222 0.038317 0.107032 -0.999478 0.010556 -0.030527 0.201564 -0.030907 -0.038010 0.998799 0.243055 
42227855388375 0.010876 0.999035 0.042547 0.103263 -0.999431 0.012219 -0.031452 0.201955 -0.031942 -0.042180 0.998599 0.243667 
42227872050166 0.012281 0.998840 0.046566 0.099488 -0.999396 0.013775 -0.031912 0.202315 -0.032516 -0.046146 0.998405 0.244245 
42227888711541 0.013416 0.998655 0.050083 0.095973 -0.999364 0.015046 -0.032319 0.202463 -0.033029 -0.049618 0.998222 0.245250 
42227905373000 0.014418 0.998460 0.053567 0.092309 -0.999321 0.016206 -0.033102 0.202757 -0.033919 -0.053053 0.998016 0.246047 
42227922034416 0.015158 0.998264 0.056922 0.088622 -0.999275 0.017112 -0.034011 0.203109 -0.034926 -0.056366 0.997799 0.246774 
42227938696000 0.015883 0.998077 0.059921 0.084930 -0.999224 0.018005 -0.035040 0.203484 -0.036052 -0.059318 0.997588 0.247480 
42227955357750 0.016705 0.997910 0.062430 0.081252 -0.999164 0.018991 -0.036212 0.203870 -0.037322 -0.061773 0.997392 0.248173 
42227972019458 0.017643 0.997753 0.064635 0.077594 -0.999105 0.020078 -0.037219 0.204281 -0.038433 -0.063921 0.997215 0.248816 
42227988680791 0.018197 0.997636 0.066268 0.073721 -0.999053 0.020762 -0.038235 0.204659 -0.039521 -0.065509 0.997069 0.250102 
42228005342375 0.018367 0.997476 0.068592 0.070104 -0.999009 0.021090 -0.039192 0.205059 -0.040540 -0.067804 0.996875 0.250893 
42228022003833 0.018208 0.997275 0.071494 0.066594 -0.998971 0.021116 -0.040138 0.205440 -0.041538 -0.070689 0.996633 0.251482 
42228038665416 0.018240 0.997057 0.074457 0.063101 -0.998933 0.021334 -0.040961 0.205802 -0.042429 -0.073630 0.996383 0.251956 
42228055326875 0.018751 0.996853 0.077020 0.059585 -0.998902 0.021986 -0.041380 0.206151 -0.042943 -0.076159 0.996171 0.252320 
42228071988583 0.019405 0.996699 0.078827 0.056082 -0.998873 0.022742 -0.041656 0.206466 -0.043311 -0.077930 0.996018 0.252609 
42228088650083 0.019746 0.996626 0.079665 0.052415 -0.998857 0.023134 -0.041830 0.206609 -0.043532 -0.078748 0.995944 0.252820 
42228105311500 0.020031 0.996576 0.080218 0.048910 -0.998877 0.023394 -0.041204 0.206777 -0.042939 -0.079302 0.995925 0.252944 
42228121972958 0.020612 0.996477 0.081300 0.045401 -0.998920 0.023912 -0.039829 0.206935 -0.041633 -0.080392 0.995893 0.252966 
42228138634666 0.021462 0.996299 0.083230 0.041857 -0.998953 0.024734 -0.038478 0.207076 -0.040394 -0.082317 0.995787 0.252980 
42228155296083 0.022348 0.996122 0.085095 0.038310 -0.998946 0.025661 -0.038046 0.207219 -0.040082 -0.084155 0.995646 0.253102 
42228171957750 0.023194 0.995999 0.086309 0.034781 -0.998899 0.026610 -0.038638 0.207378 -0.040780 -0.085317 0.995519 0.253344 
42228188619000 0.023972 0.995958 0.086563 0.030904 -0.998832 0.027494 -0.039724 0.207655 -0.041943 -0.085510 0.995454 0.253267 
42228205280958 0.024721 0.995938 0.086587 0.027314 -0.998776 0.028316 -0.040543 0.207870 -0.042830 -0.085479 0.995419 0.253409 
42228221942291 0.025312 0.995888 0.086986 0.023877 -0.998762 0.028919 -0.040466 0.208071 -0.042815 -0.085854 0.995387 0.253527 
42228238603958 0.025824 0.995813 0.087688 0.020564 -0.998775 0.029405 -0.039795 0.208287 -0.042207 -0.086553 0.995353 0.253594 
42228255265333 0.026482 0.995756 0.088137 0.017376 -0.998786 0.030020 -0.039061 0.208564 -0.041541 -0.086995 0.995342 0.253659 
42228271927083 0.027136 0.995772 0.087755 0.014365 -0.998780 0.030631 -0.038733 0.208912 -0.041257 -0.086597 0.995389 0.253769 
42228288588458 0.027575 0.995886 0.086317 0.010888 -0.998765 0.031019 -0.038817 0.209492 -0.041334 -0.085141 0.995511 0.254689 
42228305249916 0.027561 0.996050 0.084413 0.008111 -0.998757 0.030948 -0.039078 0.209970 -0.041536 -0.083231 0.995664 0.255071 
42228321911541 0.027403 0.996217 0.082473 0.005705 -0.998756 0.030724 -0.039269 0.210413 -0.041654 -0.081295 0.995819 0.255247 
42228338573083 0.027404 0.996339 0.080978 0.003539 -0.998766 0.030647 -0.039078 0.210840 -0.041416 -0.079808 0.995950 0.255300 
42228355234625 0.027363 0.996435 0.079803 0.001604 -0.998776 0.030544 -0.038907 0.211225 -0.041206 -0.078641 0.996051 0.255323 
42228371896166 0.027148 0.996512 0.078911 -0.000102 -0.998788 0.030283 -0.038811 0.211541 -0.041065 -0.077761 0.996126 0.255347 
42228388557625 0.027258 0.996606 0.077671 -0.001937 -0.998787 0.030340 -0.038783 0.211685 -0.041008 -0.076519 0.996225 0.256127 
42228405219208 0.027648 0.996749 0.075678 -0.003360 -0.998785 0.030635 -0.038589 0.211917 -0.040782 -0.074519 0.996385 0.256436 
42228421880791 0.027705 0.996916 0.073429 -0.004426 -0.998799 0.030577 -0.038285 0.212160 -0.040412 -0.072280 0.996565 0.256567 
42228438542333 0.027268 0.997074 0.071410 -0.005180 -0.998825 0.030040 -0.038040 0.212367 -0.040074 -0.070289 0.996721 0.256618 
42228455203833 0.026802 0.997202 0.069780 -0.005718 -0.998856 0.029481 -0.037648 0.212537 -0.039599 -0.068692 0.996852 0.256609 
42228471865416 0.026702 0.997317 0.068165 -0.006086 -0.998878 0.029287 -0.037204 0.212695 -0.039101 -0.067095 0.996980 0.256572 
42228488527000 0.026688 0.997464 0.065975 -0.006336 -0.998888 0.029176 -0.037042 0.212639 -0.038873 -0.064913 0.997133 0.256960 
42228505188500 0.026224 0.997636 0.063524 -0.006303 -0.998892 0.028635 -0.037334 0.212642 -0.039065 -0.062475 0.997282 0.257149 
42228521849958 0.025167 0.997812 0.061146 -0.006060 -0.998900 0.027521 -0.037968 0.212628 -0.039567 -0.060123 0.997407 0.257309 
42228538511583 0.023859 0.997981 0.058866 -0.005657 -0.998914 0.026156 -0.038566 0.212599 -0.040028 -0.057882 0.997521 0.257459 
42228555173250 0.022434 0.998128 0.056901 -0.005102 -0.998938 0.024672 -0.038924 0.212548 -0.040255 -0.055967 0.997621 0.257588 
42228571834833 0.020859 0.998251 0.055310 -0.004400 -0.998953 0.023063 -0.039507 0.212422 -0.040714 -0.054428 0.997687 0.257727 
